13 18 69 57 81 13 56 81 98 66 61 11 98 94 40 95 72 68 24 40 1
68 13 99 50 69 83 18 69 68 31 79 86 41 78 12 70 34 93 23 34 2
22 95 78 30 90 89 60 72 91 35 55 90 23 51 80 27 79 66 24 78 3
32 64 13 44 89 61 84 50 66 81 20 20 52 61 81 61 28 83 83 59 4 
95 33 26 57 97 68 43 55 27 32 98 28 71 87 20 49 21 99 89 44 5
34 70 36 65 82 12 28 26 74 41 69 42 57 57 75 85 53 91 29 61 6
87 44 32 95 19 13 69 76 94 96 21 42 23 41 79 79 35 31 15 17 7
59 95 78 61 88 58 29 10 30 20 77 29 31 90 42 28 34 97 68 60 8
23 91 68 35 47 50 54 87 63 24 95 74 47 85 30 21 24 31 91 62 9
50 15 71 78 24 15 40 15 61 92 47 34 91 65 13 63 81 80 90 13 10
18 75 21 29 22 85 81 28 30 37 77 59 56 96 35 65 97 84 34 41 11
86 65 70 26 36 73 26 95 72 12 33 30 59 96 53 55 96 48 78 58 12 
60 85 37 49 59 86 88 65 67 46 85 84 41 26 25 24 67 98 22 63 13 
64 13 15 86 59 54 11 68 10 35 31 87 80 41 57 51 37 52 67 71 14
92 56 38 54 45 65 25 51 24 90 42 30 89 61 11 75 64 16 74 19 15 
34 89 64 46 59 25 17 24 96 20 45 12 25 68 89 49 20 48 39 10 16
58 36 36 94 47 26 29 79 73 26 75 38 54 54 53 76 27 67 56 85 17
51 61 69 36 36 23 29 78 32 77 75 73 20 86 40 86 13 14 30 30 18
31 72 99 87 67 51 69 16 53 53 87 60 35 24 93 80 74 88 32 54 19
62 59 65 41 34 63 29 84 52 89 91 66 79 43 30 22 42 12 97 46 20